function [powerSigmaUp,powerSigmaDown,peakAmplitudeUp,peakAmplitudeDown]= getEEG()

powerSigmaUp = [0.249287262354344;0.0799041591369742;0.184975712813206;0.158857729325954;0.118734567853669;...
    0.129707178569072;0.220254708128430;0.479767526504721;0.217066325266716;0.345047598369475;0.0949317151616490;...
    0.138645318465806;0.0774444317365285;0.0130957118896444;0.349816192611276;0.244182706240480;0.127067516843530;...
    0.107131663719807;0.0753130952710664;0.342819100791097;0.442415633590524;0.157449970421308;0.283457078682211;...
    0.109967353607298;0.0887051151957122;0.154710955663168;0.243241040783932;0.672429404823931;0.332561162930177;0.219631601919907];

powerSigmaDown = [0.157021708098853;0.105975938565295;0.237200130174880;0.127952647669292;0.209187884877050;...
    -0.0252588785863644;0.180371915307247;0.422964356758636;0.228450262733368;0.211295940597678;0.143406966250242;...
    0.0447307462175618;0.0771047215921352;0.0320109017551488;0.155861597026265;0.192979009822372;0.0381688711740104;...
    0.0299226504546407;0.0921107081444080;0.184811020885792;0.214427188675808;0.205341043741034;0.0370734989710283;...
    0.0939310221564678;0.0854193936039134;0.0969014745135906;0.0978894372772207;0.546195851677196;0.247378176581132;0.154722769608299];

peakAmplitudeUp = [13.2708146804360;11.0699769255941;9.27650368926024;10.6121428735591;8.59376764736531;...
    7.95682001260141;12.5776271201438;7.56695284861860;8.67256958124223;0.110760272333021;12.1188232193052;...
    9.96423886118610;3.83598920072986;11.3972506244320;11.3886194355332;15.8941027822508;11.7355302185002;...
    10.7073614113995;8.49177309748072;10.2691094110799;10.1142658547600;9.82294536258848;10.7725755414708;...
    9.90951757588106;10.8975721153912;13.4269665442352;2.79025060429217;11.4673754199897;5.36915854673092;10.9254504464850];

peakAmplitudeDown = [13.0287363457643;13.5524864987706;8.30415042495580;10.6771148363815;6.55336721371667;...
    6.27242683044973;8.20857676556459;9.02784780414964;5.96549713231080;2.73556176506879;9.44361609924682;...
    9.71366121574603;4.66308846155779;9.53849376216109;10.9006610919200;16.7012302514531;8.39151106719165;...
    9.17536553530883;8.76872009161626;6.99638899305673;7.15491685096119;6.33146954043405;8.56268812228584;...
    8.35333751615776;8.41605012859472;8.12676944061117;2.06422959740605;8.96420065731898;6.44579655816829;8.83804476334869];