function [TMRup,TMRdown,offlineGainUp,offlineGainDown,offlineGainNot,offlineGainUp_Training,offlineGainDown_Training,offlineGainNot_Training,TMRup_Training,TMRdown_Training] = fMRI_0_getBehaviour()


TMRup= [24.3443748 -14.2591964   5.2645715  -7.1415894  -4.2283624  -1.2084406   6.6807244  -3.1884058...
    29.2439703  -6.0003284 -20.9243985  -5.3998334   2.8120540   4.5855575 -14.0543840  13.5432244 ...
    7.2125875   1.5021119 -20.0069209 -17.8139178   1.0871501   0.3719552   2.7975341  12.2282764 -2.0366905  -3.6007128  -2.9789420 -3.6266590 ]; %TMR index

TMRdown= [  16.382857 -67.174176   4.496495  -2.996545 -18.888171 -12.737627  -2.723861  -7.363535 -18.561678 ...
    -4.701072 -44.469522 -26.486187   5.398940  -7.387341  -3.676060  16.969602  -2.080692  -7.942797 ...
    -34.534148  -7.270468   2.356134   4.640732   5.471856  15.589939  -2.988927  -7.436175  11.971936   -8.003928];

offlineGainUp=[ -12.7601314 -14.3157895   5.6928370  -4.0959041 -13.9116203 -14.4469526   9.2964186   4.2424242 ...
    1.4030612  10.4048071  16.8204400  -7.8850405  12.9169899   9.0052972  -8.7631219  -8.4372707 ...
    -0.3267974  10.8099878  -7.4041812  -1.7734554  17.0077155   4.0816327 -10.4683973   5.3018694 ...
    5.8631922  -5.0657895  -9.0395480  -3.2624113]; 

offlineGainDown=[ -20.72164948 -67.23076923   4.92476060   0.04914005 -28.57142857 -25.97613883  -0.10816658 ...
   0.06729475 -46.40258690  11.70406307  -6.72468354 -28.97139379  15.50387597  -2.96760142 ...
   1.61520190  -5.01089325  -9.62007668   1.36507937 -21.93140794   8.76999448  18.27669903 ...
   8.35040984  -7.79407535   8.66353257   4.91095521  -8.90125174   5.91133005   -7.63968073];

offlineGainNot=[ -37.1045062  -0.0565931   0.4282655   3.0456853  -9.6832579 -13.2385120   2.6156942  ...
    7.4308300 -27.8409091  16.4051355  37.7448385 -2.4852071  10.1049359   4.4197397 ...
    5.2912621 -21.9804951  -7.5393848   9.3078759  12.6027397  16.0404624  15.9205655  ...
    3.7096774 -13.2659314  -6.9264069   7.8998827  -1.4650767  -6.0606061   0.3642477 ];


offlineGainUp_Training=[ 44.253303 65.945634 25.787142 34.181686 36.624343 45.643280 16.589698 ...
    34.175797 34.990551 26.881892 41.269713 22.711728 34.631973 19.829012  9.641613 30.876844 ...
    20.857117 29.998048 18.095685 25.067930 30.811494 49.175239  7.062947 22.660099 47.428143 ...
    15.310330 30.677587 19.354839]; 

offlineGainDown_Training=[44.741384 39.217653 32.985683 33.502951 35.158705 45.990490 14.559400 ...
    30.814458 33.090936 18.968992 34.908501  7.078817 23.486119  5.873445  3.118397 27.443072 ...
    12.669856 22.499810  6.804233 27.860355 24.054701 52.562622 10.675446 22.768653 43.508257 ...
    17.977013 27.570763  9.931016 ];

offlineGainNot_Training=[ 44.892128 56.760428 25.086210 35.257273 45.643756 41.074201 12.136683 ...
    26.512237 47.723637 21.453143 39.250020 26.372789 36.698326  7.222627 10.566855 23.819232 ...
    20.073181 33.070452 40.306448 31.958472 29.777252 49.328234  9.563173 27.277230 42.361175 ...
    16.850916 13.395639 15.146177];

 TMRup_Training =[  -0.6388246   9.1852063   0.7009322  -1.0755868  -9.0194128   4.5690797  ...
     4.4530155   7.6635598 -12.7330863   5.4287483   2.0196929  -3.6610611  -2.0663530  12.6063847 ...
     -0.9252422   7.0576122   0.7839363  -3.0724041 -22.2107634  -6.8905416   1.0342424  -0.1529957 ...
     -2.5002259  -4.6171317   5.0669677  -1.5405861  17.2819489   4.2086617];

 TMRdown_Training =[-0.1507445 -17.5427749   7.8994726  -1.7543214 -10.4850508 ...
      4.9162893   2.4227172   4.3022214 -14.6327015  -2.4841511  -4.3415187 -19.2939720...
      -13.2122072  -1.3491817  -7.4484586   3.6238399 -7.4033254 -10.5706423 -33.5022154  ...
      -4.0981173  -5.7225513   3.2343881   1.1122724  -4.5085774   1.1470822   1.1260973  14.1751245  -5.2151614];



